		Macierz X
       0.352941        0.484573       -0.475602        0.360911        0.464092      -0.0101197       -0.262004 
       0.377935        0.171643       -0.445369       -0.463862       -0.223418       -0.271684        0.519426 
       0.392221       -0.310707        -0.26868        -0.14009       -0.437904        0.612246       -0.399236 
       0.396889       -0.540233     -0.00402304        0.518766      -0.0821773       -0.506671      -0.0014201 
       0.392221       -0.318923        0.263991       -0.140751         0.58574         0.29737        0.401792 
       0.377935        0.157866        0.447823        -0.46407        0.118148       -0.372767       -0.521253 
       0.352941        0.469791        0.482709         0.36147       -0.423249        0.259115        0.262712 

		Macierz D
        3.59586      8.9407e-07    -2.98023e-07     9.83477e-07     -1.2517e-06    -4.23193e-06    -6.19888e-06 
    1.03563e-06         0.28506     -0.00698455    -6.23241e-06     3.72529e-09               0               0 
   -2.90573e-07     -0.00698464        0.590373    -6.85453e-07     1.04308e-07     2.23517e-08    -1.11759e-07 
    8.90344e-07    -6.24917e-06    -6.59376e-07        0.122786    -0.000102561     -0.00029791    -3.25032e-07 
   -1.31503e-06      2.6077e-08     1.04308e-07    -0.000102531        0.168944      -0.0381233    -3.00277e-05 
    -4.3558e-06    -3.72529e-09     1.11759e-08     -0.00029794      -0.0381233       0.0942673    -5.72642e-05 
   -6.31623e-06    -2.04891e-08    -1.41561e-07    -3.21306e-07     -3.0024e-05    -5.72731e-05       0.0981543 

