0.9 2.4192 -11.8243
0.95 1.86384 -10.438
1 1.3754 -9.14625
1.05 0.949219 -7.946
1.1 0.5808 -6.83425
1.15 0.265794 -5.808
1.2 -1.07714e-15 -4.86425
1.25 -0.220631 -4
1.3 -0.4 -3.21225
1.35 -0.541856 -2.498
1.4 -0.6498 -1.85425
1.45 -0.727281 -1.278
1.5 -0.7776 -0.76625
1.55 -0.803906 -0.316
1.6 -0.8092 0.07575
1.65 -0.796331 0.412
1.7 -0.768 0.69575
1.75 -0.726756 0.93
1.8 -0.675 1.11775
1.85 -0.614981 1.262
1.9 -0.5488 1.36575
1.95 -0.478406 1.432
2 -0.4056 1.46375
2.05 -0.332031 1.464
2.1 -0.2592 1.43575
2.15 -0.188456 1.382
2.2 -0.121 1.30575
2.25 -0.0578812 1.21
2.3 0 1.09775
2.35 0.0518937 0.972
2.4 0.0972 0.83575
2.45 0.135469 0.692
2.5 0.1664 0.54375
2.55 0.189844 0.394
2.6 0.2058 0.24575
2.65 0.214419 0.102
2.7 0.216 -0.03425
2.75 0.210994 -0.16
2.8 0.2 -0.27225
2.85 0.183769 -0.368
2.9 0.1632 -0.44425
2.95 0.139344 -0.498
3 0.1134 -0.52625
3.05 0.0867188 -0.526
3.1 0.0608 -0.49425
3.15 0.0372938 -0.428
3.2 0.018 -0.32425
3.25 0.00486875 -0.18
3.3 2.65057e-29 0.00775
3.35 0.00564375 0.242
3.4 0.0242 0.52575
3.45 0.0582187 0.862
3.5 0.1104 1.25375
3.55 0.183594 1.704
3.6 0.2808 2.21575
3.65 0.405169 2.792
3.7 0.56 3.43575
